65	105	225	205	92	92	255	255	255
18
0	79	129	65	65	105	225	0
1	233	176	291	248	65	105	225	1	154	205	50
2	396	284	-0.54428	44	65	105	225	1	154	205	50
2	198	344	0.404892	91	65	105	225	0
2	643	272	0.435084	78	65	105	225	1	154	205	50
1	493	358	543	441	65	105	225	1	154	205	50
0	880	335	108	65	105	225	0
1	455	181	479	206	65	105	225	1	154	205	50
1	813	134	847	209	65	105	225	1	0	0	205
0	675	445	74	65	105	225	1	0	0	205
0	1042	157	79	65	105	225	1	255	69	0
1	910	160	941	231	65	105	225	1	255	69	0
0	582	174	38	65	105	225	1	0	0	205
0	211	502	91	65	105	225	1	255	69	0
1	12	378	45	455	65	105	225	1	255	69	0
0	363	547	96	65	105	225	1	0	0	205
0	560	457	54	65	105	225	1	0	0	205
1	345	366	377	400	65	105	225	1	205	92	92